\begin{tabular}{llllllllllll}
\toprule
 & Reock & \makecell{Polsby \\ Popper} & \makecell{cut \\ edges} & \makecell{Dem \\ seats} & \makecell{efficiency \\ gap} & \makecell{mean \\ median} & \makecell{seat \\ bias} & \makecell{competitive \\ districts} & \makecell{average \\ margin} & \makecell{county \\ splits} & \makecell{MMD \\ coalition} \\
\midrule
Reock & *1.0 & *0.73 & *-0.72 & 0.010000 & -0.020000 & 0.040000 & -0.010000 & -0.030000 & 0.260000 & *-0.63 & 0.060000 \\
Polsby-Popper & *0.73 & *1.0 & *-0.91 & 0.010000 & -0.010000 & 0.050000 & -0.010000 & -0.040000 & *0.33 & *-0.95 & 0.060000 \\
cut edges & *-0.72 & *-0.91 & *1.0 & -0.010000 & 0.010000 & -0.050000 & 0.000000 & 0.050000 & *-0.34 & *0.81 & -0.070000 \\
Dem seats & 0.010000 & 0.010000 & -0.010000 & *1.0 & *-0.99 & -0.240000 & *-0.62 & 0.000000 & -0.090000 & -0.010000 & -0.050000 \\
efficiency gap & -0.020000 & -0.010000 & 0.010000 & *-0.99 & *1.0 & 0.240000 & *0.6 & -0.010000 & 0.110000 & 0.010000 & 0.050000 \\
mean-median & 0.040000 & 0.050000 & -0.050000 & -0.240000 & 0.240000 & *1.0 & 0.370000 & -0.180000 & 0.220000 & -0.050000 & 0.070000 \\
seat bias & -0.010000 & -0.010000 & 0.000000 & *-0.62 & *0.6 & 0.370000 & *1.0 & -0.020000 & 0.140000 & 0.020000 & 0.070000 \\
competitive districts & -0.030000 & -0.040000 & 0.050000 & 0.000000 & -0.010000 & -0.180000 & -0.020000 & *1.0 & *-0.52 & 0.040000 & 0.000000 \\
average margin & 0.260000 & *0.33 & *-0.34 & -0.090000 & 0.110000 & 0.220000 & 0.140000 & *-0.52 & *1.0 & *-0.32 & 0.140000 \\
county splits & *-0.63 & *-0.95 & *0.81 & -0.010000 & 0.010000 & -0.050000 & 0.020000 & 0.040000 & *-0.32 & *1.0 & -0.050000 \\
MMD coalition & 0.060000 & 0.060000 & -0.070000 & -0.050000 & 0.050000 & 0.070000 & 0.070000 & 0.000000 & 0.140000 & -0.050000 & *1.0 \\
\bottomrule
\end{tabular}
